Isochrone(count=120, start=(43.5, 7.2), finish=(33.8, 35.5), gcr_azi=array([104.17339269]), lats1=array([[42.65347478, 36.79303955, 44.32479857, ..., 32.96041813,
        32.90308671, 42.14539815],
       [42.65227643, 36.7919705 , 44.32364785, ..., 33.08369578,
        33.05847871, 42.14461568],
       [42.70253559, 36.79297854, 44.29315244, ..., 33.21083498,
        33.21082866, 42.14381116],
       ...,
       [43.43283563, 43.39787357, 43.56059198, ..., 43.39787357,
        43.39787357, 43.43283563],
       [43.46518381, 43.44964633, 43.53086081, ..., 43.44964633,
        43.44964633, 43.46518381],
       [43.5       , 43.5       , 43.5       , ..., 43.5       ,
        43.5       , 43.5       ]]), lons1=array([[10.9985144 ,  5.64669203,  9.28708018, ..., 12.99889023,
        14.3507053 , 11.73971892],
       [10.99835438,  5.64653859,  9.28677886, ..., 12.93594574,
        14.25160504, 11.7395987 ],
       [10.98232722,  5.64672781,  9.36545092, ..., 12.89444233,
        14.18445988, 11.73947486],
       ...,
       [ 7.41508144,  7.20937181,  7.3722943 , ...,  7.20937181,
         7.20937181,  7.41508144],
       [ 7.30634155,  7.20462281,  7.2877335 , ...,  7.20462281,
         7.20462281,  7.30634155],
       [ 7.2       ,  7.2       ,  7.2       , ...,  7.2       ,
         7.2       ,  7.2       ]]), azi12=array([[5.629330540305773, 366.5850990806741, 10.645869490001225, ...,
        156.70840659689298, 151.7145245319052, 6.5229794775485885],
       [166.7539275750451, 368.58524849613946, -61.61122996440205, ...,
        164.6331957185062, 159.6365529418518, 6.535286623092233],
       [6.777089430640984, 366.5847741767226, -53.9013307445133, ...,
        156.65239091229867, 151.671354591715, 6.547940142052838],
       ...,
       [112.17339269477834, 176.173392694617, 64.17339269437132, ...,
        176.173392694617, 176.173392694617, 112.17339269477834],
       [114.17339269457887, 176.17339269457887, 64.17339269457887, ...,
        176.17339269457887, 176.17339269457887, 114.17339269457887],
       [None, None, None, ..., None, None, None]], dtype=object), s12=array([[  133.76495497,   119.42488103,   130.10605035, ...,
        14883.24502968, 19565.40255702,    87.48015446],
       [ 5735.58203748,  -113.13381967,  7133.43854762, ...,
        14622.64205528, 18020.87312098,    89.94770217],
       [  131.69460622,   119.49127555,  6688.16769038, ...,
        15700.0866523 , 19449.04162876,    92.48523544],
       ...,
       [ 9507.37075663,  5764.84547144,  7590.29787739, ...,
         5764.84547144,  5764.84547144,  9507.37075663],
       [ 9432.63351475,  5606.88328465,  7878.9551253 , ...,
         5606.88328465,  5606.88328465,  9432.63351475],
       [    0.        ,     0.        ,     0.        , ...,
            0.        ,     0.        ,     0.        ]]), azi02=array([105.60618451, 190.58557314,  60.61535056,  62.89455132,
       165.72453936, 157.68253954, 101.21342429,  35.94430913,
       118.67006022, 158.68138795, 147.69210316,  41.607415  ,
        68.20119255,  31.1059771 , 121.35331036, 193.76520625,
       138.68584635, 145.68433446,  56.2590507 ,  81.32094912,
       104.6543551 , 148.693816  ,  74.54175944,  20.15213232,
       155.69973528,  26.74338204, 184.13914605, 195.04475956,
        77.41579268,  37.65984068,  96.52632932, 143.87807203,
       196.97898504, 186.60425432,  25.62590448, 113.63479498,
       146.6812832 , 143.67308245, 102.96471075,  38.44759645,
        29.57708705, 102.67283924, 128.704297  , 128.5964613 ,
        58.26650692, 134.69016241, 125.64895905,  98.65860925,
       174.75759327,  80.39095987,  51.85043587, 192.34937626,
        17.92242753,  81.9323504 ,  50.46279957, 164.80144451,
        85.34257014,  95.57951114,  66.27459843,  65.34243336,
        19.55937901,  34.63959157, 108.51064076,  31.99281709,
       114.35986825, 132.89697144, 135.6886039 ,  76.44927282,
        49.44085758, 120.55618503,  97.58378388, 151.68371535,
        94.46221279, 175.80293233,  42.41648272, 133.68653663,
        69.61849882, 107.41822854,  75.61329351, 160.92889219,
       140.68707815, 163.19774467, 182.97957117, 195.91450683,
       115.65590157, 187.45072093, 115.71258495, 150.69896816,
       169.08285618,  43.93394264, 174.32388806, 193.01016059,
       136.67742233, 180.21831356,  66.85019384, 137.68068104,
       131.0397509 , 161.7117625 ,  30.5232998 ,  35.60667277,
        59.60239532,  93.47944273, 130.67164835, 153.68655577,
       106.66723552,  71.67362698,  39.70120708, 188.67576359,
       170.56468437, 184.80248713,  79.29928792,  91.57148989,
       156.67873823, 141.68020278,  89.56582695, 124.38368411,
        78.6589907 , 168.49034373, 181.23200543, 119.64169312,
       171.24753843, 112.21408399,  73.67158332,  33.53680726,
       152.68330023,  83.50211453,  57.62860955,  99.99572553,
        62.21858809,  47.61601569, 127.20031881, 177.78821278,
        92.58563854, 179.67580255,  28.38602116, 189.40212193,
        24.63352263,  23.55197637,  90.55841313, 126.66376114,
       163.88921533, 182.0437173 , 191.28446365,  88.63016228,
       144.6971317 ,  55.4441047 ,  39.63405539,  22.14132871,
       117.48088629, 123.1735677 ,  64.08530524,  21.66400948,
        53.36847514,  99.46481268, 122.664845  ,  54.31068297,
        72.57674451, 167.67026638,  84.02606027,  45.78847579,
        43.01131841,  61.2864074 ,  47.73596488,  26.02836682,
       131.68647376, 171.83069114,  44.77029426,  51.33142178,
       111.39323063, 173.55430822, 159.68685652,  69.72371289,
        86.69072968, 176.93457356, 139.68220458,  86.13290788,
       109.55528921, 154.68994031, 149.67915369, 110.5110092 ]), s02=array([ 323292.9093074 ,  756354.00916767,  191048.11397558,
        195996.84800525, 1086869.87195775, 1244545.63162171,
        292974.54669471,   35425.62899718,  862837.04031763,
       1234627.23394367, 1348842.42770247,   40874.26238865,
        206716.21858438,   30131.63817907,  916602.99933475,
        776929.13162564, 1448604.02000265, 1374485.57328061,
        177945.69480766,  248829.52054645,  320277.78412302,
       1339558.5479005 ,  236868.16580821,   24618.60193463,
       1263745.42384857,   28282.70644171,  726196.69480487,
        765641.6157327 ,  244652.05052275,   34909.17489632,
        272723.19835758, 1386787.83918453,  764789.63594133,
        724028.56172032,   28703.43393256,  462770.38949521,
       1362810.1152823 , 1385297.05928337,  299093.44233243,
         35327.96687804,   29826.62952527,  298520.41823634,
       1569129.29487892, 1569452.12518587,  182776.06067381,
       1554160.34774445, 1517837.22583677,  274492.13983937,
        740833.6834748 ,  248736.69790653,  166785.26268376,
        776626.60775486,   23236.01452224,  249295.22669066,
        163203.400316  , 1120814.64588534,  249553.63215898,
        271371.75869564,  201994.00239922,  201331.02718048,
         24517.78653011,   34873.73480035,  379237.20117491,
         30444.962676  ,  483910.201112  , 1574831.92072325,
       1537540.12227424,  242714.94537091,  152451.94422681,
        893150.93149161,  273489.97261512, 1308621.34878034,
        269150.8235671 ,  738643.9734788 ,   41464.88225878,
       1568164.49305213,  210321.8752632 ,  342992.66660654,
        239902.8983006 , 1201443.4508128 , 1403539.22635058,
       1148837.93430463,  728189.58914939,  762773.51752198,
        733432.14061452,  739137.21136762,  733683.24945455,
       1321744.73530359,  738394.6084298 ,   44308.85969949,
        739707.49499683,  778608.72507353, 1515634.47046265,
        730068.31043979,  204208.44937829, 1485072.28196094,
       1582103.38635966, 1188440.88960355,   29885.22479207,
         35274.85165187,  188633.70983702,  266121.94219301,
       1576292.27514193, 1284730.43156521,  339145.18937444,
        215655.68903802,   40823.82935564,  747654.92571471,
        738315.92965198,  716936.20571136,  248050.93650151,
        261295.1740534 , 1254108.53625354, 1388507.58286086,
        252682.76828689, 1499823.66231056,  247100.70308315,
        736396.46361059,  731954.82582633,  878358.14152777,
        740570.11522179,  445795.37184012,  228205.32974498,
         32852.49718711, 1296688.70418856,  249359.13953167,
        181304.30111693,  274430.70001099,  195409.56722342,
         46747.31837487, 1543347.79396378,  716713.29643437,
        263710.22121309,  722699.75107298,   28188.67252003,
        751198.30893769,   27435.74329986,   27093.67551671,
        257658.09467056, 1533922.25728893, 1132335.92615715,
        733955.19034215,  769297.59926958,  251355.48702369,
       1378413.70691339,  175744.07487001,   40912.28181537,
         24859.18723711,  830403.36162932, 1251655.31160585,
        198264.49985495,   24843.89121056,  170416.3518911 ,
        274576.83271137, 1246656.74926277,  172336.77948798,
        224797.39537044,  730277.64070164,  249194.0017738 ,
         45241.7807804 ,   44373.47077331,  193179.50450032,
         46699.06860391,   28835.53105298, 1576267.46787933,
        736646.16739065,   41568.83704978,  164836.8681154 ,
        428325.96918184,  735185.51798323, 1220130.47076201,
        211030.03067805,  250023.98425022,  724999.28473414,
       1422379.39167209,  249410.84437556,  393610.24097792,
       1274485.47483898, 1331356.35711945,  400505.11331732]), time1=datetime.datetime(2020, 11, 21, 7, 0), elapsed=datetime.timedelta(days=5))