 
CODED SURFACE FRONTAL POSITIONS
NWS WEATHER PREDICTION CENTER COLLEGE PARK MD
625 AM EDT WED JUN 28 2023
 
VALID 062809Z
HIGHS 1014 2720873 1015 3861066 1016 3691058 1014 3180908 1014 5571080 1008
6141482 1014 5941309 1009 6751477 1015 7691300 1010 6531345 1010 7010998 1020
7150408 1012 6510460 1014 5420823 1011 3561114 1013 4141155 1015 4331201 1014
4531138 1017 4431103 1015 5121155 1010 6151075 1011 5031090 1009 4770980 1015
4280934 1012 4471036 1016 3980881 1015 3470860 1016 4560859 1015 3590937
LOWS 1002 3831037 1005 3420990 1007 4171055 1005 4040734 1012 3450914 1003
3971013 1003 3351050 1004 4550757 1003 4750709 1004 5000731 1008 5490594 1005
6160402 1010 6090491 996 6630688 1006 7131102 1006 6471017 1007 6821403 1007
6941595 1004 5361006 1005 6101212 1000 5351455 1005 4911011 1005 3971091 1003
6511475 1003 7520766 1002 7950690 1010 4741193 1003 3521146 1009 4001220 1006
4450993
TROF 2300944 2000948 1790951
TROF 1760924 1680925
TROF 4680958 4840969 5020982
TROF 3281052 3061058 2811059 2641053 2461044 2291031 2171021 2061008 1990994
1940976
TROF 4411078 4281072 4171058
TROF 4450994 4571006 4701008 4881011
TROF 4291146 4121130 3991103
WARM 3971013 3961006 3870994 3840981 3780960 3650947
TROF 3781072 3861084 3951090
STNRY 3420990 3430997 3481003 3561010 3641022 3801029 3841037
STNRY 3831037 3851042 3921047 4011050 4121051 4161054
OCFNT 4540756 4390746 4220737 4050735
COLD 4020734 3800735 3570744 3360760 3200781 3130803
STNRY 3450916 3440924 3390941 3390963 3420983 3420990
STNRY 3130803 3100817 3090831 3140854 3240878 3320890 3420902 3450913
TROF 3961014 3921015 3861022 3851032
TROF 3971014 4121010 4270994 4430993
TROF 3271106 3261078 3331052
TROF 2971014 3091012 3170998 3280991 3420990
TROF 3290938 3130924 3060912 3060902 3110894 3220889
TROF 3351050 3481043 3571033 3581019
WARM 4750710 4880682 4920642 4780605 4650550 4480519
TROF 4550756 4630744 4650720 4740710
STNRY 4990732 4780746 4550762 4400761
STNRY 5480597 5410624 5400662 5250701 5000731
STNRY 6080493 5970504 5740546 5490594
STNRY 6150405 6070412 6000430 6000448 6090473 6080492
WARM 6150402 6100371 5920343 5610324 5210314
OCFNT 6630687 6520653 6380638 6220642 6040668
COLD 6040668 5850709 5770758 5790808 5900867 6100928
STNRY 6100930 6210961 6360999 6461019
STNRY 6481021 6631054 6861083 7101101
STNRY 7121107 6981166 6881240 6811326 6811400
STNRY 6811404 6851436 7031529 6941595
STNRY 6921598 6891622 6911663 6861689 6711732 6601776
WARM 5361006 5430989 5420964 5260921 5200886
STNRY 5501117 5691133 5791152 5881187 6081210
COLD 5351007 5281042 5291075 5401105 5501116
OCFNT 5401457 5381436 5281411 5061387 4801377
WARM 4801377 4701367 4611357 4501335
COLD 4801377 4631376 4371383 4161400
TROF 4861086 4841051 4891015
TROF 5351003 5230996 5080998 4911010
STNRY 4161057 4011081 3961091
STNRY 3961092 3901108 3831146
TROF 5671629 5721599 5691543 5371463
TROF 5971628 6051606 6111568 6081523
TROF 6151329 6171360 6301412 6491471
TROF 6661622 6621589 6591518 6521481
TROF 6741289 6491244 6121214
COLD 8210855 7920911 7600970 7271064
TROF 7000818 6780760 6650697
TROF 6980696 7230750 7500768
TROF 7530771 7690756 7920698
TROF 8120599 8040655 7960693 8120602
TROF 6620338 6470383 6360399 6180402
TROF 4360857 4270826 4290789 4440767
TROF 3100772 3260746 3440723 3680705 3900702
TROF 3400669 3560663 3790659
TROF 4341232 4461212 4601199 4731193
TROF 5471214 5301210 4991193 4751193
TROF 4951140 4821143 4701169
TROF 3511147 3661156 3761172 3871208 3981221
TROF 3771102 3711111 3691134 3631143
TROF 4091185 4171173 4301165 4491163
TROF 3231142 3311141 3501145
TROF 5281274 5421276 5621286
TROF 5850991 5671004 5401008
TROF 3780901 3640909 3480913
TROF 4510905 4320913 4220930 4200947
 
$$

