VALID 070312Z
HIGHS 1017 2840841 1013 3551119 1021 3821068 1017 4431106 1014 3771122 1015
5980682 1029 5871314 1026 7371371 1026 6020427 1031 7470457 1031 4401382
LOWS 1008 2011192 1008 4230710 1002 3511147 1008 4041223 996 5600945 995
5541032 1009 4260823 1010 4461079 1009 4281152 1011 3450987 1006 6730731 1014
7151062 1009 4320687 1008 5810557 1009 6830638 1014 5891531
TROF 1980912 1660915 1650915
TROF 3011077 2731063 2391044 2061013 1981002
TROF 1800785 1700786
COLD 4260824 4170829 4050845 3950850 3780866 3660891 3540907 3480924
OCFNT 5531032 5571038 5671040 5741030 5771005 5710969 5590946
TROF 4101224 3991221 3791211 3631196 3531179
COLD 5590945 5280935 5080938 4900948 4780953 4500963 4350989 4351016
TROF 4641035 4601054 4551068 4481077
STNRY 4351015 4381031 4391046 4451062 4451074 4461080
STNRY 4451079 4451089 4471099 4551109 4561122 4501133 4401143 4361156 4351171
TROF 4311159 4271151 4261142 4261128
TROF 4451079 4371076 4261076 4071085 3951098
STNRY 3480924 3460935 3430943 3400954 3400971 3450987
STNRY 3440987 3430993 3461004 3451011
TROF 3940994 3810987 3640984 3510985 3440988
TROF 3430988 3360989 3290996 3251003
STNRY 4230712 4210722 4290733 4320745 4360766 4270797 4250824
TROF 4680943 4580928 4430914 4130901
TROF 4151026 3971019 3651018 3401026
STNRY 4190745 4130749 4060762 3980771 3890782 3800793 3660804 3520820 3550836
3650840 3790836 3880838
TROF 3560803 3420806 3270813 3080826
STNRY 4310689 4260696 4230710
STNRY 5750896 5700920 5620934 5600946
TROF 7280900 7060858 6890797 6730729
OCFNT 6740730 6820698 6840670 6840641
STNRY 5880628 5800643 5730668 5710677 5670715 5590743
WARM 5750896 5750873 5690843 5580809 5550771 5590742
TROF 7871140 7671131 7351094 7151061
WARM 7151062 7031056 6901068 6731071 6651069
COLD 7151064 7051081 7001107 6961141 6931194
STNRY 6931191 6921233 6961276 6941339 6981391 6931481 7041559 7011592 6901622
6841644 6781649
TROF 6611559 6521470 6321404 6161373
TROF 6021191 5811166 5651131 5551089 5521042
TROF 3761169 3681156 3531148 3411147 3251150 3051145 2821127 2591105
TROF 3501147 3391133 3271105 3211074 3171034
STNRY 4730595 4730615 4690633 4580651 4550657 4510667 4480672 4400681 4310688
OCFNT 6850642 6790622 6750611 6670595 6550582
WARM 6540580 6450571 6320559 6150538
STNRY 6500352 6370390 6310417
WARM 5810560 5790533 5700494 5610463 5510443 5400422 5310398
STNRY 5230372 5310399
COLD 5800557 5670572 5590587 5510605 5420643 5400693
COLD 6550582 6410579 6270583 6180588 6000610 5880630
STNRY 5310332 5400374 5560400 5730424 5850446
STNRY 5340273 5320300 5310331
COLD 5641412 5491411 5321413 5011422
OCFNT 5901531 5931524 5991497 5951466 5791432 5711418 5661412 5631410
COLD 5011422 4691438
WARM 5631410 5451386 5261367 5131355
TROF 5451289 5271282 5051263 4911227